# This file contains measurements for all the different glyphs of several fonts used by the scripts to prevent
# collisions during label placement.
#
# TODO add description on how to generate these numbers for other fonts / font sizes
regular:
  lineHeight: 2.6
  baseLineOffset: 0.35
  widths:
    '0': 1.36474609375
    '1': 1.36474609375
    '2': 1.36474609375
    '3': 1.36474609375
    '4': 1.36474609375
    '5': 1.36474609375
    '6': 1.36474609375
    '7': 1.36474609375
    '8': 1.36474609375
    '9': 1.36474609375
    A: 1.4990234375
    B: 1.473388671875
    C: 1.50146484375
    D: 1.695556640625
    E: 1.402587890625
    F: 1.3037109375
    G: 1.668701171875
    H: 1.688232421875
    I: 0.9326171875
    J: 1.041259765625
    K: 1.4697265625
    L: 1.243896484375
    M: 1.92626953125
    N: 1.668701171875
    O: 1.768798828125
    P: 1.378173828125
    Q: 1.768798828125
    R: 1.551513671875
    S: 1.392822265625
    T: 1.4599609375
    U: 1.639404296875
    V: 1.49169921875
    W: 2.254638671875
    X: 1.451416015625
    Y: 1.4404296875
    Z: 1.397705078125
    a: 1.312255859375
    b: 1.3818359375
    c: 1.153564453125
    d: 1.3818359375
    e: 1.31591796875
    f: 0.7958984375
    g: 1.3818359375
    h: 1.39404296875
    i: 0.5712890625
    j: 0.704345703125
    k: 1.2451171875
    l: 0.5712890625
    m: 2.099609375
    n: 1.39404296875
    o: 1.357421875
    p: 1.3818359375
    q: 1.3818359375
    r: 0.90087890625
    s: 1.11572265625
    t: 0.836181640625
    u: 1.39404296875
    v: 1.2451171875
    w: 1.85546875
    x: 1.23779296875
    y: 1.2451171875
    z: 1.11083984375
    "'": 0.52734375
    " ": 0.78125
    default: 1
small:
  lineHeight: 1.5
  widths:
    '0': 0.81884765625
    '1': 0.81884765625
    '2': 0.81884765625
    '3': 0.81884765625
    '4': 0.81884765625
    '5': 0.81884765625
    '6': 0.81884765625
    '7': 0.81884765625
    '8': 0.81884765625
    '9': 0.81884765625
    A: 0.8994140625
    B: 0.884033203125
    C: 0.90087890625
    D: 1.017333984375
    E: 0.841552734375
    F: 0.7822265625
    G: 1.001220703125
    H: 1.012939453125
    I: 0.5595703125
    J: 0.624755859375
    K: 0.8818359375
    L: 0.746337890625
    M: 1.15576171875
    N: 1.001220703125
    O: 1.061279296875
    P: 0.826904296875
    Q: 1.061279296875
    R: 0.930908203125
    S: 0.835693359375
    T: 0.8759765625
    U: 0.983642578125
    V: 0.89501953125
    W: 1.352783203125
    X: 0.870849609375
    Y: 0.8642578125
    Z: 0.838623046875
    a: 0.787353515625
    b: 0.8291015625
    c: 0.692138671875
    d: 0.8291015625
    e: 0.78955078125
    f: 0.4775390625
    g: 0.8291015625
    h: 0.83642578125
    i: 0.3427734375
    j: 0.422607421875
    k: 0.7470703125
    l: 0.3427734375
    m: 1.259765625
    n: 0.83642578125
    o: 0.814453125
    p: 0.8291015625
    q: 0.8291015625
    r: 0.54052734375
    s: 0.66943359375
    t: 0.501708984375
    u: 0.83642578125
    v: 0.7470703125
    w: 1.11328125
    x: 0.74267578125
    y: 0.7470703125
    z: 0.66650390625
    "'": 0.31640625
    " ": 0.46875
    default: 0.85
borderLabels:
  lineHeight: 1.9
